0.013111876438812465
0.04963090529034398
0.046835976700289696
0.050475208847244574
0.04110233222492389
0.06266702276703773
0.002931282268575066
0.1371924145477957
0.0062790873393074745
0.07573612518336177
0.09858283807137885
0.07484347088160287
0.033373273222863965
0.025555128812139633
0.13392442010517228
0.06830771047700845
0.002168515604598179
0.0680084036267776
0.07095666240587208
0.08961553747881576
0.10136008551365436
0.07604915604209296
0.033778356899113175
0.0840891085619752
0.14467767330904116
0.08459067205900687
0.04351762451955384
0.04504048196887345
0.0671327229896546
0.0674568507880345
0.07859950033781637
0.010769768595558735
0.0706671039572853
0.0299213863876252
0.03304394996210543
0.053778430560772
0.09155244516361877
0.06486900412706792
0.09533316913977555
0.00986055204586309
0.03953164911866216
0.07347673571778596
0.05059557182524543
0.05044915871296985
0.1268014815077559
0.10813847407409007
0.07991610368971042
0.07762707086572211
0.10293074625005669
0.05961369815056841
