0.8102433813488907
0.8501718364340526
0.8973223010606581
0.8526916572270077
0.9656474963965843
0.8987856804391765
0.8400773078133265
0.9074593736604314
0.9907686576624821
0.8729149896810042
0.9608365964066502
0.8861588469004744
0.9208161919105164
0.8849705032256766
0.867983661830091
0.9571572309919124
0.944680864850981
0.8245828920597156
0.9664909175205475
0.9466437802525179
0.695990949860611
0.9115275884066352
0.9453911036881532
0.8911623764660273
0.8952671815113518
0.9052128144092907
0.9520143803415354
0.8490363696417333
0.885583299696259
0.80429328870549
0.8271024165946256
0.8857324366687932
0.8899202399958929
0.896244585245395
0.8704751461752768
0.8564410786971784
0.8125401918191628
0.9452832045238657
0.8708391691343753
0.7509873155336091
0.8857596906045131
0.8711338449173262
0.932652658234284
0.9142459823206057
0.9023085294774821
0.8027523740396786
0.887950864121614
0.8661222045156077
0.7712597353573473
0.8751194983590068
