2.8294244967204087
2.896666219832305
3.142533978798061
2.8999626022791265
3.2440166349774984
3.1735613603102735
2.872331148430123
3.426358259821562
3.375870701010003
2.9031775905299577
3.3375008424529864
2.9712675960988926
3.4200170631779416
3.6373422420409636
2.925785114240191
3.13925019994961
3.110509021601966
3.6942209595356195
3.1717911491432056
2.97531392948189
3.1064970497284277
3.1710732083587643
2.897548604134611
3.10661468717404
3.144307608903039
3.16960671290977
3.105820742457077
2.923672261983595
2.7409381628086287
3.3052168206495303
2.8759929793280574
3.0805046212609692
3.140535220674976
3.6477684399468244
2.5905216208404407
3.212445772059432
3.1126068420420174
3.687154531488473
2.9718796087818014
3.0518547552198836
2.874577614381146
2.7609878997412034
3.308921586365446
2.852000814189259
3.2753511828632527
2.624998988203888
2.7339232338774373
2.8478133904836214
3.1752721229231757
2.9671272542703204
