0.9701161287159873
0.9779810069747346
0.9743968013054977
0.9732643663168253
0.9854916238951696
0.9795762736870509
0.9823573521308159
0.9764427301413824
0.9796668424613653
0.9788651895895222
0.9812205972905766
0.9719264605226271
0.9799903345502784
0.9798488599776305
0.9747073058950388
0.9824359739359206
0.978989251150557
0.9852953893557241
0.9834474859665348
0.9757152264635816
0.9670026942148097
0.9791496052988827
0.9754873972730074
0.9772454065229059
0.9796980207097453
0.9827170732079401
0.9786699911506493
0.9796071779728982
0.9781278741132845
0.9919534344738119
0.977377598048058
0.974731923997335
0.9763929184770331
0.9806754309615896
0.9757632134455161
0.9738910864317907
0.981577739303587
0.9878030850550245
0.9771820452253552
0.9847258064339662
0.979148441797542
0.9831624971684553
0.9757083689319297
0.9788750649539135
0.9756640673783072
0.976972399704192
0.9801382450734675
0.9749635032800845
0.9845941638363309
0.9825036217439032
