0.43731367012147876
0.41283898033498306
0.5327000656183656
0.45964468929635666
0.4731286847827413
0.4603005321226498
0.530929731858166
0.4097905447382869
0.4442406698273333
0.33944542040761017
0.37930713668552063
0.5521733113443833
0.42359892700163676
0.6001310030838508
0.5393655999241118
0.4250617996662063
0.5707229224799638
0.6408318393604676
0.40664069034249045
0.36348195640068376
0.6108048679679813
0.4515828811883127
0.4424264688655093
0.43205346508495523
0.5306594908486737
0.47009852905894806
0.4468795499905782
0.49244635004702064
0.5249036173809429
0.46121484646447913
0.5430193651931454
0.5361175389448535
0.544531204379718
0.4681304108744648
0.4813581495384124
0.4792978416498544
0.5945606204315753
0.37123100324173447
0.42550330558161514
0.5116588257998762
0.45529885134267883
0.5316516504871763
0.4974677966742087
0.512629317045767
0.6390100722766008
0.5648620277805926
0.4634694348370793
0.5215793122883288
0.5098862876635402
0.5256436493482284
