0.8660575564995132
0.8844336728796168
0.7818263396399161
0.9513811600483397
0.9037311841046378
0.8576579036758167
0.889050661370654
0.9135023455982502
0.8624197762958288
0.8782636714550304
0.9029260830963858
0.9085624943809651
0.8566242833154112
0.8619967899589811
0.8107531175755813
0.8898383090088731
0.8601257380398085
0.8891381182398698
0.8101882024255301
0.8878193203072856
0.8517166010028601
0.8960841615697576
0.8967447748588551
0.8994633072192321
0.8645965139865733
0.9256449233998376
0.8893974769603529
0.8726556387796942
0.8621679302635123
0.9641931049049578
0.9061473695577175
0.8610973062809519
0.833403976772895
0.8962210864137966
0.8637200098588054
0.8424301384013717
0.7850390022040313
0.8715385182579202
0.8771701532816335
0.9251959025595885
0.8883208087870222
0.8511568726009067
0.9043415472339235
0.8890741078650266
0.825458218440909
0.8773730130517602
0.8681917930259432
0.8618118367202479
0.8484653268043287
0.910144750370627
