0.6213380730400051
0.5044173008308561
0.3814932478710165
0.3474915563366769
0.4964822737443664
0.42072634057831626
0.6845365191603753
0.1689844328262548
0.6167349149861393
0.3320377652681862
0.18245363298333056
0.3036358953620339
0.5092267917005048
0.5011705218101961
0.22758327885067256
0.3491852768211791
0.5795743301478373
0.3561355891762336
0.23481153151312345
0.2639157260260791
0.23925357347339996
0.31997489459392975
0.5299743451863311
0.3431507615236503
0.14596424900691846
0.20188257864501183
0.47546002466548354
0.3933644383500217
0.34879713150316366
0.40547594382568064
0.22421921477163914
0.6412705630408211
0.3367135998261067
0.5648301085115489
0.5064551576858752
0.3942391818542991
0.268505956157781
0.28788386360994345
0.25368016428024864
0.6874788305954868
0.4301129041680633
0.35377454267866487
0.3934082481042415
0.39849909081508295
0.18311363426677246
0.24177484160863646
0.28036264476498163
0.20883931249649
0.22879197116670863
0.3448635786105223
