0.011009891358880445
0.008449333276994158
0.01144001784560981
0.013596390867769044
0.019709296020920603
0.013639905648522941
0.011374078536584998
0.020826751547614066
0.002976150819912125
0.01591795735799064
0.004221664764958944
0.009808294326514554
0.01260623905012254
0.011942025473848674
0.013581851646737227
0.009756315800193928
0.010989430131455773
0.025710611540754474
0.011225785607381132
0.015678287678629502
0.0033539685526947608
0.009800642146002639
0.012697905206438249
0.00655272007144939
0.013314710508405502
0.008517392733926292
0.006255280580299737
0.015715376707031672
0.010811582548432645
0.01194218416745611
0.01379580917742906
0.010690803237298476
0.008773662531310223
0.025531830962322675
0.00776317047590282
0.02037273144397712
0.011583112854426822
0.01672180846689089
0.009519340029588397
0.009569574227368684
0.012286956460884435
0.010684120246849713
0.011688417007515358
0.013636457294337921
0.016623681607832425
0.0059017573390523
4.681887037459588E-4
0.007649528168390879
0.01460146614799519
0.00424942240110227
