0.5961802297516854
0.6463000937315528
0.610206522038954
0.5833099881731926
0.5270058241384963
0.5818457296162685
0.575136227631002
0.5260753321497273
0.6695003810974088
0.5652186560590419
0.6484697509594035
0.6318255368575805
0.5924053529683038
0.5912236056622882
0.5978860362397664
0.6149607090487021
0.6077248076957591
0.4939014002773604
0.601965381463114
0.5703816716825503
0.7022256467399693
0.6214070633762604
0.5960907350305312
0.641664236672598
0.5880540351039187
0.6169362834051122
0.6344424107473722
0.5559477713759585
0.6005490962314615
0.5584151412604544
0.5763092859214439
0.6174758899686229
0.5943043276284347
0.5152262269285554
0.620329793229971
0.5340581663543046
0.6140267206615805
0.518241012723852
0.6261179899046228
0.637062420895324
0.5747994808268095
0.5902729504240958
0.6085014694998837
0.5797535287963353
0.5568273866654753
0.664699236660622
0.719788848929288
0.6313663280297225
0.5490344614523436
0.594140758463417
