0.6191235534622119
0.6468278942239795
0.6506596089794586
0.6320280194815995
0.7406127729793832
0.6709956071032458
0.7026351798526121
0.6963505881355933
0.7330649759719842
0.6901122029230106
0.715932181619739
0.6013380957853287
0.7650004628756427
0.6958712009259904
0.677760951030207
0.7269887819312101
0.7064433837410858
0.7688615751122119
0.69270209488563
0.6501944387526655
0.5864644119842998
0.6916783546805081
0.6639569614614257
0.7172550005098182
0.6370141607619237
0.7176383649799521
0.6660917911546508
0.7297473093600068
0.6739512591220299
0.7811734843675239
0.6608917906483435
0.691491271022704
0.6958423028810783
0.7370065594558752
0.6570262151799304
0.6242469825534747
0.7135868046024153
0.767168483342989
0.629913072182298
0.6590244760685313
0.7238647273197604
0.759774759595931
0.69902274615391
0.7167361781521019
0.5989466002216552
0.5867153172204232
0.7352479333120078
0.6333711127058922
0.8242088050683495
0.7898216129608001
