1.7265250991984997
2.0042405469938886
1.8724913833414945
1.764610838446965
2.288914858220736
1.9492967671604273
2.129459735135247
1.8905000001431922
1.8116928558807848
3.062855862393657
2.207156699850116
1.8012974596972222
1.719001737616506
1.701401636594008
1.8832546170752367
1.834070667866684
1.5672679383423658
1.4874739552532066
2.4595123679568975
2.3520722977960533
2.11242435994328
1.7606899944091488
2.1129588821482734
1.6746815003919473
1.7023657281334033
1.6291269645962356
2.5220462999891544
1.7315678841450466
1.9061244643089146
1.9368864511235877
1.816373664314897
2.37818189412718
2.282671571085007
1.8673886773170896
2.0338142689446466
1.6835562737234044
1.5087685346922735
2.8223677143020143
1.7770751781831544
2.3042763510265054
1.7306841986179118
1.665217188183578
1.8945077510610573
2.0951392996698086
2.1102035195958067
2.2961375250336267
2.11467386181883
1.685280171708141
1.652467262215958
1.8357485912025704
