0.891090340121391
0.9034414401293106
0.9177131374291583
0.8898156785623045
0.9260546119226973
0.8890382392322445
0.9130340730026864
0.8792065519873682
0.9399178367088957
0.8808064126958153
0.9014586295790428
0.8853780534177845
0.9034727876114296
0.9524217448703973
0.9310363690804799
0.893393211287391
0.9052822636655858
0.9230765113899094
0.9390841576831213
0.9300377305147014
0.9408204169446648
0.9096516737498119
0.9244123260155633
0.8522741224408239
0.9443788904608907
0.9367816858804965
0.8562014744366098
0.8990525425745031
0.9248843007942283
0.9082267433024978
0.9347416211725807
0.8475462469304852
0.8860966242508895
0.9013795961043102
0.8773883789305518
0.8817975970203675
0.9286791233289959
0.9410297230328184
0.8857401704118048
0.9251737488501981
0.8984557801160488
0.889690319914148
0.926698556405851
0.9241512104140978
0.8750099754103415
0.8565975583412049
0.9000682198062091
0.8954620864359206
0.8641076402405597
0.9356321601545041
